((("Body" .
   [0 0 1 0])
  ("Stdout" .
   [0 0 0 0 1 0])
  ("os" .
   [1 0])
  ("Copy" .
   [0 0 1 0])
  ("response" .
   [0 0 0 0 0 0 1 0])
  ("Get" .
   [1 0 0])
  ("http" .
   [1 0 0 0])
  ("err" .
   [2 0 0])
  ("args" .
   [1 0 0 0])
  ("run" .
   [1 0 0])
  ("BoolP" .
   [1 0 0 0 0])
  ("RootCmd" .
   [1 0 0 0 1 0 0])
  ("whatever" .
   [0 1 0 0 0 0 0 0])
  ("AddFlag" .
   [1 0 0 0 0 0 0])
  ("Flags" .
   [1 1 0 1 0])
  ("versionCmd" .
   [0 0 0 1 0 0 0 0 0 0])
  ("news" .
   [1 0 0 0])
  ("mai" .
   [1 0 0])
  ("mivariable" .
   [0 0 0 0 2 0 0 0 0 0])
  ("out" .
   [3 0 0])
  ("Output" .
   [0 0 1 1 0 0])
  ("Command" .
   [1 0 0 0 0 0 0])
  ("wg" .
   [1 0])
  ("exe_cmd" .
   [0 0 1 0 0 0 0])
  ("vertex" .
   [0 0 0 1 1 0])
  ("tres" .
   [0 0 1 2])
  ("dos" .
   [1 1 1])
  ("uno" .
   [0 2 1])
  ("vert" .
   [2 0 0 0])
  ("struct" .
   [0 0 0 0 1 1])
  ("println" .
   [0 0 0 1 0 0 0])
  ("print" .
   [0 0 0 1 0])
  ("fmt" .
   [2 0 2])
  ("Println" .
   [1 1 3 1 4 3 2])
  ("a" .
   [2])
  ("string" .
   [11 2 1 2 0 3])
  ("b" .
   [2])
  ("c" .
   [2])
  ("int" .
   [5 0 3])
  ("i" .
   [5])
  ("make" .
   [0 0 1 2])
  ("s" .
   [1])
  ("res" .
   [1 0 0])
  ("plusPlus" .
   [0 0 1 0 0 1 0 0])
  ("miestructura" .
   [0 0 5 1 0 0 0 0 1 0 0 0])
  ("nombre" .
   [6 1 4 1 1 0])
  ("main" .
   [6 0 0 0])
  ("edad" .
   [2 3 1 0])
  ("sexo" .
   [1 0 0 0])
  ("cosa" .
   [2 0 0 0])
  ("Printf" .
   [2 0 0 0 1 0])
  ("VERSION" .
   [3 1 0 2 0 0 0])
  ("Version" .
   [0 0 0 1 0 0 0])
  ("viper" .
   [0 1 0 0 0])
  ("version" .
   [1 0 0 1 1 0 0])
  ("true" .
   [1 0 0 0])
  ("structure" .
   [0 0 0 0 0 1 0 0 0])
  ("estructura" .
   [0 0 2 1 0 0 1 0 0 0])
  ("variable" .
   [4 0 0 0 0 2 0 0])
  ("Name" .
   [0 0 0 1])
  ("Nombre" .
   [0 1 0 0 0 0])
  ("v" .
   [1])
  ("StringVarP" .
   [0 0 0 0 0 0 0 0 0 1])))
